2000:
Classification report:
              precision    recall  f1-score   support

          0       1.00      0.75      0.86         4
          1       0.90      1.00      0.95        28
          2       0.75      1.00      0.86         3
          3       0.75      0.75      0.75         4
          4       1.00      0.25      0.40         4
          5       1.00      1.00      1.00         3
          6       1.00      0.50      0.67         4
          7       0.95      0.97      0.96        39
          8       1.00      0.71      0.83         7
          9       0.75      0.75      0.75         4
         10       1.00      0.40      0.57         5
         11       1.00      0.50      0.67         2
         12       1.00      1.00      1.00         4
         13       0.88      0.96      0.92        23
         14       1.00      0.91      0.95        11
         15       1.00      1.00      1.00         2
         16       0.67      1.00      0.80         2
         17       1.00      0.90      0.95        20
         18       0.89      0.85      0.87        20
         19       0.92      1.00      0.96        58
         20       1.00      1.00      1.00        10
         21       1.00      0.91      0.95        11
         22       0.93      0.94      0.93        94
         23       0.43      0.75      0.55         4
         24       1.00      1.00      1.00        12
         25       1.00      0.90      0.95        10
         26       1.00      1.00      1.00         1
         27       1.00      1.00      1.00         4
         28       0.89      0.77      0.83        31
         29       1.00      0.75      0.86         8
         30       1.00      0.89      0.94         9
         31       0.94      1.00      0.97        16
         32       0.99      0.97      0.98        79
         33       1.00      1.00      1.00         3
         34       1.00      1.00      1.00        11
         35       1.00      0.60      0.75        15
         36       1.00      1.00      1.00         4
         37       0.96      0.92      0.94        25
         38       0.94      0.90      0.92        71
         39       0.98      0.94      0.96        49
         40       0.54      0.72      0.62        61
         41       0.56      0.62      0.59        37
         42       1.00      0.78      0.88         9
         43       1.00      0.71      0.83         7
         44       1.00      1.00      1.00        12
         45       0.75      1.00      0.86        18
         46       1.00      0.55      0.71        11
         47       0.93      1.00      0.96        37
         48       1.00      1.00      1.00         3
         49       1.00      0.33      0.50         3
         50       1.00      1.00      1.00         4
         51       1.00      0.86      0.92         7
         52       1.00      1.00      1.00         7
         53       1.00      0.98      0.99        50
         54       1.00      0.97      0.98        30
         55       0.75      1.00      0.86         3
         56       1.00      1.00      1.00        24
         57       1.00      0.95      0.97        20
         58       1.00      1.00      1.00         4
         59       1.00      1.00      1.00        10
         60       1.00      0.50      0.67         2
         61       0.93      0.96      0.94        71

avg / total       0.92      0.90      0.90      1144


1000:
Classification report:
              precision    recall  f1-score   support

          0       1.00      1.00      1.00         4
          1       0.93      0.96      0.95        28
          2       1.00      1.00      1.00         3
          3       1.00      0.75      0.86         4
          4       1.00      0.25      0.40         4
          5       1.00      1.00      1.00         3
          6       1.00      0.50      0.67         4
          7       0.97      0.97      0.97        39
          8       0.75      0.86      0.80         7
          9       0.67      0.50      0.57         4
         10       1.00      0.40      0.57         5
         11       1.00      0.50      0.67         2
         12       0.80      1.00      0.89         4
         13       0.85      0.96      0.90        23
         14       0.91      0.91      0.91        11
         15       1.00      1.00      1.00         2
         16       1.00      1.00      1.00         2
         17       1.00      0.90      0.95        20
         18       0.89      0.80      0.84        20
         19       0.98      1.00      0.99        58
         20       1.00      1.00      1.00        10
         21       1.00      0.91      0.95        11
         22       0.96      0.95      0.95        94
         23       1.00      0.50      0.67         4
         24       1.00      1.00      1.00        12
         25       1.00      0.80      0.89        10
         26       1.00      1.00      1.00         1
         27       1.00      1.00      1.00         4
         28       0.81      0.94      0.87        31
         29       1.00      0.75      0.86         8
         30       1.00      0.89      0.94         9
         31       1.00      1.00      1.00        16
         32       0.96      0.97      0.97        79
         33       1.00      1.00      1.00         3
         34       1.00      0.91      0.95        11
         35       1.00      0.67      0.80        15
         36       1.00      1.00      1.00         4
         37       0.96      0.96      0.96        25
         38       0.94      0.96      0.95        71
         39       0.96      0.96      0.96        49
         40       0.61      0.75      0.68        61
         41       0.57      0.65      0.61        37
         42       0.78      0.78      0.78         9
         43       1.00      0.71      0.83         7
         44       1.00      1.00      1.00        12
         45       0.78      1.00      0.88        18
         46       1.00      0.64      0.78        11
         47       0.97      1.00      0.99        37
         48       1.00      1.00      1.00         3
         49       1.00      0.67      0.80         3
         50       1.00      1.00      1.00         4
         51       1.00      0.86      0.92         7
         52       1.00      1.00      1.00         7
         53       1.00      0.98      0.99        50
         54       1.00      0.97      0.98        30
         55       1.00      1.00      1.00         3
         56       1.00      1.00      1.00        24
         57       0.95      0.95      0.95        20
         58       0.80      1.00      0.89         4
         59       1.00      1.00      1.00        10
         60       1.00      0.50      0.67         2
         61       0.92      0.93      0.92        71

avg / total       0.92      0.91      0.91      1144


500:
Classification report:
              precision    recall  f1-score   support

          0       1.00      1.00      1.00         4
          1       0.96      0.93      0.95        28
          2       1.00      1.00      1.00         3
          3       0.67      0.50      0.57         4
          4       1.00      0.75      0.86         4
          5       1.00      1.00      1.00         3
          6       1.00      1.00      1.00         4
          7       1.00      0.92      0.96        39
          8       0.83      0.71      0.77         7
          9       0.60      0.75      0.67         4
         10       1.00      0.40      0.57         5
         11       0.50      0.50      0.50         2
         12       1.00      1.00      1.00         4
         13       0.81      0.96      0.88        23
         14       0.91      0.91      0.91        11
         15       1.00      0.50      0.67         2
         16       1.00      1.00      1.00         2
         17       1.00      0.90      0.95        20
         18       0.88      0.75      0.81        20
         19       0.97      1.00      0.98        58
         20       1.00      1.00      1.00        10
         21       1.00      0.82      0.90        11
         22       0.92      0.96      0.94        94
         23       1.00      0.50      0.67         4
         24       1.00      1.00      1.00        12
         25       1.00      0.90      0.95        10
         26       1.00      1.00      1.00         1
         27       1.00      1.00      1.00         4
         28       0.85      0.94      0.89        31
         29       1.00      0.88      0.93         8
         30       1.00      0.89      0.94         9
         31       1.00      1.00      1.00        16
         32       0.97      0.97      0.97        79
         33       1.00      1.00      1.00         3
         34       0.92      1.00      0.96        11
         35       1.00      0.60      0.75        15
         36       1.00      1.00      1.00         4
         37       0.96      0.96      0.96        25
         38       0.89      0.99      0.93        71
         39       0.94      0.96      0.95        49
         40       0.67      0.70      0.69        61
         41       0.64      0.57      0.60        37
         42       0.88      0.78      0.82         9
         43       1.00      0.71      0.83         7
         44       1.00      1.00      1.00        12
         45       0.86      1.00      0.92        18
         46       1.00      0.82      0.90        11
         47       0.93      1.00      0.96        37
         48       1.00      1.00      1.00         3
         49       1.00      0.33      0.50         3
         50       1.00      1.00      1.00         4
         51       1.00      0.86      0.92         7
         52       0.88      1.00      0.93         7
         53       1.00      0.98      0.99        50
         54       1.00      0.97      0.98        30
         55       0.75      1.00      0.86         3
         56       0.96      1.00      0.98        24
         57       1.00      0.95      0.97        20
         58       1.00      1.00      1.00         4
         59       1.00      1.00      1.00        10
         60       1.00      0.50      0.67         2
         61       0.86      0.97      0.91        71

avg / total       0.92      0.91      0.91      1144


250:
Classification report:
              precision    recall  f1-score   support

          0       1.00      1.00      1.00         4
          1       0.96      0.96      0.96        28
          2       1.00      1.00      1.00         3
          3       0.67      0.50      0.57         4
          4       1.00      0.75      0.86         4
          5       1.00      1.00      1.00         3
          6       1.00      0.75      0.86         4
          7       1.00      0.95      0.97        39
          8       0.83      0.71      0.77         7
          9       0.67      0.50      0.57         4
         10       1.00      0.40      0.57         5
         11       0.33      0.50      0.40         2
         12       1.00      1.00      1.00         4
         13       0.79      0.96      0.86        23
         14       0.91      0.91      0.91        11
         15       1.00      1.00      1.00         2
         16       1.00      1.00      1.00         2
         17       1.00      0.90      0.95        20
         18       0.94      0.80      0.86        20
         19       0.95      1.00      0.97        58
         20       1.00      1.00      1.00        10
         21       1.00      0.91      0.95        11
         22       0.94      0.94      0.94        94
         23       0.33      0.75      0.46         4
         24       1.00      1.00      1.00        12
         25       0.90      0.90      0.90        10
         26       1.00      1.00      1.00         1
         27       1.00      1.00      1.00         4
         28       0.77      0.74      0.75        31
         29       1.00      0.75      0.86         8
         30       1.00      1.00      1.00         9
         31       1.00      1.00      1.00        16
         32       1.00      0.97      0.99        79
         33       1.00      1.00      1.00         3
         34       1.00      1.00      1.00        11
         35       1.00      0.73      0.85        15
         36       1.00      1.00      1.00         4
         37       0.96      0.96      0.96        25
         38       0.93      0.93      0.93        71
         39       1.00      0.92      0.96        49
         40       0.67      0.64      0.66        61
         41       0.57      0.68      0.62        37
         42       0.78      0.78      0.78         9
         43       0.86      0.86      0.86         7
         44       1.00      1.00      1.00        12
         45       0.94      0.94      0.94        18
         46       0.91      0.91      0.91        11
         47       0.95      1.00      0.97        37
         48       0.75      1.00      0.86         3
         49       1.00      0.33      0.50         3
         50       1.00      1.00      1.00         4
         51       1.00      1.00      1.00         7
         52       1.00      1.00      1.00         7
         53       0.98      0.98      0.98        50
         54       1.00      0.93      0.97        30
         55       1.00      1.00      1.00         3
         56       0.96      1.00      0.98        24
         57       1.00      0.95      0.97        20
         58       0.80      1.00      0.89         4
         59       0.91      1.00      0.95        10
         60       1.00      0.50      0.67         2
         61       0.83      0.96      0.89        71

avg / total       0.91      0.91      0.91      1144


100:
Classification report:
              precision    recall  f1-score   support

          0       1.00      1.00      1.00         4
          1       0.96      0.89      0.93        28
          2       1.00      1.00      1.00         3
          3       0.75      0.75      0.75         4
          4       1.00      0.75      0.86         4
          5       0.75      1.00      0.86         3
          6       0.75      0.75      0.75         4
          7       1.00      0.97      0.99        39
          8       1.00      0.71      0.83         7
          9       0.75      0.75      0.75         4
         10       1.00      0.40      0.57         5
         11       0.33      0.50      0.40         2
         12       1.00      1.00      1.00         4
         13       0.88      0.91      0.89        23
         14       0.91      0.91      0.91        11
         15       1.00      1.00      1.00         2
         16       1.00      1.00      1.00         2
         17       1.00      0.90      0.95        20
         18       0.94      0.75      0.83        20
         19       0.95      0.98      0.97        58
         20       1.00      1.00      1.00        10
         21       1.00      0.91      0.95        11
         22       0.83      0.97      0.90        94
         23       0.50      0.25      0.33         4
         24       1.00      1.00      1.00        12
         25       0.88      0.70      0.78        10
         26       1.00      1.00      1.00         1
         27       1.00      1.00      1.00         4
         28       0.88      0.90      0.89        31
         29       1.00      0.88      0.93         8
         30       1.00      0.89      0.94         9
         31       1.00      1.00      1.00        16
         32       0.94      0.99      0.96        79
         33       1.00      1.00      1.00         3
         34       1.00      1.00      1.00        11
         35       1.00      0.53      0.70        15
         36       1.00      1.00      1.00         4
         37       0.96      0.96      0.96        25
         38       0.94      0.93      0.94        71
         39       0.94      0.92      0.93        49
         40       0.73      0.57      0.64        61
         41       0.51      0.73      0.60        37
         42       0.88      0.78      0.82         9
         43       0.75      0.86      0.80         7
         44       1.00      1.00      1.00        12
         45       0.90      1.00      0.95        18
         46       1.00      0.82      0.90        11
         47       0.92      0.97      0.95        37
         48       0.75      1.00      0.86         3
         49       1.00      0.33      0.50         3
         50       1.00      1.00      1.00         4
         51       1.00      0.86      0.92         7
         52       0.88      1.00      0.93         7
         53       0.98      0.98      0.98        50
         54       1.00      0.97      0.98        30
         55       0.75      1.00      0.86         3
         56       1.00      1.00      1.00        24
         57       1.00      0.95      0.97        20
         58       1.00      1.00      1.00         4
         59       0.83      1.00      0.91        10
         60       0.50      0.50      0.50         2
         61       0.92      0.93      0.92        71

avg / total       0.91      0.90      0.90      1144


50:
Classification report:
              precision    recall  f1-score   support

          0       1.00      1.00      1.00         4
          1       0.96      0.93      0.95        28
          2       1.00      1.00      1.00         3
          3       0.40      0.50      0.44         4
          4       0.00      0.00      0.00         4
          5       1.00      1.00      1.00         3
          6       1.00      0.75      0.86         4
          7       0.97      0.95      0.96        39
          8       0.86      0.86      0.86         7
          9       0.67      0.50      0.57         4
         10       1.00      0.20      0.33         5
         11       0.00      0.00      0.00         2
         12       1.00      1.00      1.00         4
         13       0.81      0.91      0.86        23
         14       0.75      0.82      0.78        11
         15       1.00      1.00      1.00         2
         16       0.00      0.00      0.00         2
         17       1.00      0.90      0.95        20
         18       0.94      0.80      0.86        20
         19       0.91      1.00      0.95        58
         20       1.00      1.00      1.00        10
         21       1.00      0.73      0.84        11
         22       0.95      0.97      0.96        94
         23       1.00      0.25      0.40         4
         24       0.92      1.00      0.96        12
         25       0.88      0.70      0.78        10
         26       1.00      1.00      1.00         1
         27       1.00      1.00      1.00         4
         28       0.76      0.94      0.84        31
         29       1.00      0.88      0.93         8
         30       1.00      0.89      0.94         9
         31       1.00      0.94      0.97        16
         32       0.93      0.97      0.95        79
         33       1.00      1.00      1.00         3
         34       1.00      1.00      1.00        11
         35       1.00      0.73      0.85        15
         36       1.00      1.00      1.00         4
         37       1.00      1.00      1.00        25
         38       0.92      0.93      0.92        71
         39       0.94      0.94      0.94        49
         40       0.62      0.66      0.64        61
         41       0.55      0.57      0.56        37
         42       0.71      0.56      0.63         9
         43       1.00      0.71      0.83         7
         44       1.00      1.00      1.00        12
         45       0.82      1.00      0.90        18
         46       1.00      0.55      0.71        11
         47       0.88      1.00      0.94        37
         48       1.00      1.00      1.00         3
         49       0.00      0.00      0.00         3
         50       1.00      1.00      1.00         4
         51       0.78      1.00      0.88         7
         52       1.00      0.86      0.92         7
         53       1.00      0.98      0.99        50
         54       1.00      0.97      0.98        30
         55       0.67      0.67      0.67         3
         56       0.96      1.00      0.98        24
         57       0.87      1.00      0.93        20
         58       1.00      0.75      0.86         4
         59       1.00      1.00      1.00        10
         60       0.00      0.00      0.00         2
         61       0.88      0.96      0.92        71

avg / total       0.89      0.89      0.89      1144


25:
Classification report:
              precision    recall  f1-score   support

          0       1.00      1.00      1.00         4
          1       0.90      0.96      0.93        28
          2       1.00      1.00      1.00         3
          3       0.75      0.75      0.75         4
          4       1.00      0.25      0.40         4
          5       1.00      1.00      1.00         3
          6       1.00      0.75      0.86         4
          7       1.00      0.90      0.95        39
          8       0.86      0.86      0.86         7
          9       1.00      0.25      0.40         4
         10       1.00      0.40      0.57         5
         11       1.00      0.50      0.67         2
         12       1.00      1.00      1.00         4
         13       0.81      0.96      0.88        23
         14       0.80      0.73      0.76        11
         15       1.00      1.00      1.00         2
         16       1.00      0.50      0.67         2
         17       1.00      0.90      0.95        20
         18       0.85      0.85      0.85        20
         19       0.91      1.00      0.95        58
         20       1.00      1.00      1.00        10
         21       0.90      0.82      0.86        11
         22       0.90      0.97      0.93        94
         23       1.00      0.25      0.40         4
         24       0.86      1.00      0.92        12
         25       1.00      0.70      0.82        10
         26       1.00      1.00      1.00         1
         27       1.00      1.00      1.00         4
         28       0.86      0.97      0.91        31
         29       0.86      0.75      0.80         8
         30       1.00      0.78      0.88         9
         31       1.00      0.94      0.97        16
         32       0.94      0.96      0.95        79
         33       1.00      1.00      1.00         3
         34       1.00      0.91      0.95        11
         35       1.00      0.73      0.85        15
         36       1.00      1.00      1.00         4
         37       0.89      0.96      0.92        25
         38       0.94      0.93      0.94        71
         39       0.96      0.94      0.95        49
         40       0.57      0.69      0.62        61
         41       0.44      0.30      0.35        37
         42       1.00      0.67      0.80         9
         43       0.62      0.71      0.67         7
         44       1.00      1.00      1.00        12
         45       0.84      0.89      0.86        18
         46       1.00      0.73      0.84        11
         47       0.92      0.97      0.95        37
         48       0.75      1.00      0.86         3
         49       0.50      0.33      0.40         3
         50       1.00      0.75      0.86         4
         51       0.75      0.86      0.80         7
         52       0.86      0.86      0.86         7
         53       1.00      0.98      0.99        50
         54       0.97      0.97      0.97        30
         55       1.00      0.67      0.80         3
         56       0.79      0.96      0.87        24
         57       1.00      0.80      0.89        20
         58       1.00      0.75      0.86         4
         59       0.83      1.00      0.91        10
         60       0.50      0.50      0.50         2
         61       0.82      0.93      0.87        71

avg / total       0.88      0.88      0.87      1144


10:
Classification report:
              precision    recall  f1-score   support

          0       0.00      0.00      0.00         4
          1       0.67      0.71      0.69        28
          2       0.00      0.00      0.00         3
          3       0.00      0.00      0.00         4
          4       0.00      0.00      0.00         4
          5       0.00      0.00      0.00         3
          6       0.00      0.00      0.00         4
          7       0.83      0.90      0.86        39
          8       0.00      0.00      0.00         7
          9       0.00      0.00      0.00         4
         10       0.00      0.00      0.00         5
         11       0.00      0.00      0.00         2
         12       0.00      0.00      0.00         4
         13       0.35      0.52      0.42        23
         14       0.00      0.00      0.00        11
         15       0.00      0.00      0.00         2
         16       0.00      0.00      0.00         2
         17       0.89      0.85      0.87        20
         18       0.42      0.65      0.51        20
         19       0.86      0.95      0.90        58
         20       0.00      0.00      0.00        10
         21       1.00      0.09      0.17        11
         22       0.83      0.95      0.89        94
         23       0.00      0.00      0.00         4
         24       0.57      0.33      0.42        12
         25       0.82      0.90      0.86        10
         26       0.00      0.00      0.00         1
         27       0.00      0.00      0.00         4
         28       0.53      0.77      0.63        31
         29       0.67      0.50      0.57         8
         30       0.57      0.44      0.50         9
         31       0.93      0.88      0.90        16
         32       0.80      0.94      0.86        79
         33       0.00      0.00      0.00         3
         34       0.78      0.64      0.70        11
         35       0.40      0.27      0.32        15
         36       0.00      0.00      0.00         4
         37       0.88      0.88      0.88        25
         38       0.74      0.83      0.78        71
         39       0.74      0.65      0.70        49
         40       0.43      0.90      0.58        61
         41       0.00      0.00      0.00        37
         42       1.00      0.33      0.50         9
         43       0.00      0.00      0.00         7
         44       0.92      1.00      0.96        12
         45       0.67      0.89      0.76        18
         46       0.60      0.27      0.37        11
         47       0.76      0.95      0.84        37
         48       0.00      0.00      0.00         3
         49       0.00      0.00      0.00         3
         50       0.00      0.00      0.00         4
         51       1.00      0.71      0.83         7
         52       1.00      1.00      1.00         7
         53       0.75      0.92      0.83        50
         54       0.90      0.87      0.88        30
         55       0.00      0.00      0.00         3
         56       0.62      0.88      0.72        24
         57       0.62      0.75      0.68        20
         58       0.00      0.00      0.00         4
         59       0.89      0.80      0.84        10
         60       1.00      0.50      0.67         2
         61       0.81      0.86      0.84        71

avg / total       0.64      0.71      0.66      1144